0	-0.0300095844146
1	0.0590490893302
2	-0.0356470870474
3	0.0398169901583
4	0.0136275803351
5	0.155290653701
6	0.0326053190563
7	0.0481853552254
8	0.0863926859366
9	0.204115912811
10	0.153377530198
11	0.0908667118864
12	0.169365332684
13	0.126941961252
14	0.104770664136
15	0.067602666006
16	0.144090183484
17	0.104982306177
18	0.163420333189
19	0.201616636295
20	0.167185554568
21	0.218533917539
22	0.239255589093
23	0.214645929523
24	0.3078647988
25	0.265699675488
26	0.193559320578
27	0.29065707589
28	0.19977629637
29	0.321932665889
30	0.301843277053
31	0.32813982539
32	0.296456176159
33	0.32780766971
34	0.341062965122
35	0.433900663829
36	0.429786493745
37	0.374816317148
38	0.438148025943
39	0.336796600432
40	0.409939137933
41	0.395106647102
42	0.407280918894
43	0.350158456154
44	0.483997672113
45	0.338219109283
46	0.331525689797
47	0.496565529105
48	0.38902704083
49	0.522262765266
50	0.44250399376
51	0.533346983085
52	0.471144401513
53	0.455275949456
54	0.489028445128
55	0.579234530343
56	0.620327475727
57	0.570372232004
58	0.553228313651
59	0.635297413499
60	0.479902556909
61	0.536046407524
62	0.544628091654
63	0.656342915661
64	0.641264272178
65	0.627904262303
66	0.620082080939
67	0.608637264808
68	0.652127796493
69	0.684678500538
70	0.686240884021
71	0.673142568033
72	0.626794428212
73	0.672816501075
74	0.616940324953
75	0.693526274933
76	0.715462660449
77	0.649795232914
78	0.65444111783
79	0.744117543183
80	0.76142257878
81	0.676686779242
82	0.734901910785
83	0.688787751805
84	0.680464711249
85	0.71505224841
86	0.735444859157
87	0.708259337508
88	0.736862047249
89	0.675418135205
90	0.668995405908
91	0.810048151171
92	0.912143813254
93	0.773407470684
94	0.741914232837
95	0.827653888022
96	0.807986141792
97	0.806698205045
98	0.769759676118
99	0.744717379703
100	0.825103070705
101	0.814392585696
102	0.829939433406
103	0.930367443965
104	0.8449018134
105	0.760497410794
106	0.930354069858
107	0.949765539912
108	0.82681958962
109	0.946101155549
110	0.889460878456
111	0.926683841677
112	0.909427052329
113	1.0361504072
114	0.843378966663
115	0.892493819059
116	0.858336458843
117	0.888918386206
118	0.900043521932
119	0.94628359318
120	0.9046453394
121	0.95122615295
122	0.894051642158
123	0.920136701506
124	0.935294996274
125	0.937100212023
126	1.02302510381
127	0.996179295186
128	1.03754977757
129	1.05745720393
130	0.989911841315
131	1.02843093399
132	1.04268446289
133	0.97199002036
134	1.01168843558
135	0.991555470421
136	0.947592819243
137	1.08597315155
138	0.980124628751
139	1.04213582041
140	1.01023079335
141	1.03935624116
142	0.982892152655
143	0.87667104553
144	1.00905740475
145	0.936652552447
146	0.9551889868
147	1.01704675022
148	0.932742158635
149	0.968358436786
150	1.00136632373
151	1.02780444734
152	1.07721725236
153	0.870568316187
154	1.00602112851
155	1.08657115051
156	0.976242061439
157	0.921285435046
158	0.997691059822
159	1.07332752333
160	1.0060321075
161	1.10090043351
162	0.883434471869
163	0.972530809957
164	1.04568085821
165	0.945516292139
166	0.973967107459
167	0.924439075916
168	0.959138597191
169	1.00355540752
170	0.935006055494
171	1.00169000369
172	0.962241817711
173	1.01412515065
174	0.949647269147
175	1.00126315429
176	0.942878595535
177	1.07879642948
178	0.990182411062
179	1.00907913694
180	1.06143863901
181	1.00031256886
182	0.966940291328
183	0.999656202419
184	0.988809755625
185	0.939089761764
186	0.882877464356
187	0.874835854116
188	0.941187690423
189	0.98379187801
190	1.00161641084
191	0.916546123172
192	1.00298270213
193	0.916833963482
194	0.928411158953
195	0.923500386815
196	0.99203570135
197	0.838248226783
198	0.89504124775
199	0.94974405906
200	0.938023603363
201	0.908295529854
202	0.859887925543
203	0.845979583189
204	0.90359661731
205	0.881976129735
206	0.845963817428
207	0.827765972654
208	0.851369520736
209	0.86633009001
210	0.833808158788
211	0.898263550478
212	0.902436283246
213	0.813250732935
214	0.908010710311
215	0.830041745678
216	0.861603727631
217	0.759991145244
218	0.806355089258
219	0.656237443561
220	0.824198757442
221	0.87874224146
222	0.716017082422
223	0.785487629067
224	0.801499651291
225	0.741556615478
226	0.690199009977
227	0.806757079839
228	0.81418959101
229	0.803961035345
230	0.696696834504
231	0.706724456865
232	0.753917224866
233	0.761893285936
234	0.743562241377
235	0.744111789226
236	0.697686345948
237	0.748091650841
238	0.668098088178
239	0.703036809576
240	0.725384319323
241	0.619947993276
242	0.608453179569
243	0.712799673109
244	0.597766071311
245	0.597149625351
246	0.658525904101
247	0.637168503248
248	0.644906318029
249	0.670488444484
250	0.626438632223
251	0.649185066328
252	0.48522275356
253	0.552342505629
254	0.59161389947
255	0.561416239843
256	0.559985148617
257	0.532643579802
258	0.511698352022
259	0.541703424683
260	0.499759714522
261	0.510561727442
262	0.516643413789
263	0.49778437976
264	0.497788091486
265	0.521308110167
266	0.453404051059
267	0.463794054595
268	0.44374347201
269	0.441103927323
270	0.329402465106
271	0.471040844492
272	0.434489482762
273	0.449993796997
274	0.340676917436
275	0.322260758637
276	0.412804115991
277	0.319538420643
278	0.416309379664
279	0.359597846154
280	0.276641863691
281	0.275496240878
282	0.334994293626
283	0.293639744067
284	0.231986108278
285	0.310507850046
286	0.267865336542
287	0.317003860566
288	0.201657110383
289	0.104946252454
290	0.191991603678
291	0.228303715451
292	0.234147572975
293	0.101265058797
294	0.289486062309
295	0.164146286349
296	0.159548982175
297	0.177908869888
298	0.136903747815
299	0.108159967731
300	0.117700950674
301	0.15030683315
302	0.0306717182464
303	0.121816673042
304	0.156556638446
305	0.0707765448969
306	0.0319859099526
307	0.0479020738941
308	-0.0280350201777
309	0.0112253261131
310	-0.00652314738
311	0.080295040388
312	0.0656867349646
313	-0.0315454313297
314	0.0530254935535
315	-0.0392892508181
316	-0.0584524333149
317	0.112060353534
318	-0.0922636433621
319	-0.0766097026486
320	-0.0394939081053
321	-0.0128782800427
322	-0.105154136363
323	-0.0939492499317
324	-0.0524587463985
325	-0.144043885993
326	-0.113423537557
327	-0.102843789407
328	-0.172356551616
329	-0.151169577891
330	-0.18616851821
331	-0.117812205833
332	-0.239768754045
333	-0.215860505255
334	-0.171758570465
335	-0.18206088338
336	-0.243651848246
337	-0.24393389236
338	-0.282945222965
339	-0.163137052233
340	-0.138539822032
341	-0.266960877374
342	-0.308502097652
343	-0.283920499198
344	-0.363535159929
345	-0.325557539936
346	-0.296815339737
347	-0.355603704257
348	-0.372797834258
349	-0.361225529386
350	-0.264189063216
351	-0.438313767112
352	-0.358216382691
353	-0.418373820586
354	-0.397390139607
355	-0.369855401668
356	-0.464216663763
357	-0.373909031168
358	-0.465261814108
359	-0.422730096251
360	-0.469227510093
361	-0.425602793381
362	-0.397316885906
363	-0.485901546074
364	-0.41332865771
365	-0.449832969111
366	-0.486126344868
367	-0.581104034953
368	-0.487147435978
369	-0.5271988923
370	-0.55490282028
371	-0.484891297229
372	-0.563542689244
373	-0.652897502568
374	-0.667574351328
375	-0.506228102206
376	-0.54188782748
377	-0.525610542038
378	-0.554906100962
379	-0.665841187412
380	-0.620586461374
381	-0.574405510348
382	-0.632765325105
383	-0.670320003535
384	-0.657307242943
385	-0.725255738079
386	-0.718451747134
387	-0.722361190987
388	-0.646086557834
389	-0.744642676802
390	-0.600950264205
391	-0.666301196873
392	-0.706218780401
393	-0.703621976015
394	-0.670830449089
395	-0.714977599036
396	-0.741294492825
397	-0.67144174554
398	-0.74563160611
399	-0.792653644063
400	-0.8339972928
401	-0.75328354808
402	-0.722317017395
403	-0.694186604613
404	-0.775285106956
405	-0.831792642373
406	-0.739049970841
407	-0.851176564337
408	-0.837410479586
409	-0.850618400886
410	-0.772090111835
411	-0.898201575018
412	-0.747478755288
413	-0.818152954053
414	-0.890594117585
415	-0.808197106881
416	-0.87539886319
417	-0.819213011387
418	-0.832425332585
419	-0.845967900054
420	-0.879528565584
421	-0.755438828876
422	-0.874686528789
423	-0.898605978087
424	-0.98444113414
425	-0.921070352069
426	-0.950565995846
427	-0.980837564459
428	-0.855710973889
429	-0.867384260473
430	-0.936657706493
431	-0.903581678777
432	-0.97445358693
433	-0.866696782786
434	-0.899500803073
435	-0.9749917452
436	-0.932351903008
437	-0.883844635303
438	-0.985161094782
439	-0.968152672613
440	-0.970453840375
441	-0.933510485747
442	-0.91100453485
443	-0.966026565935
444	-0.946783619215
445	-0.91453807224
446	-0.962334423
447	-0.979392553941
448	-0.98921470073
449	-0.99135866276
450	-1.01383549863
451	-1.02204138647
452	-1.0076809694
453	-0.952242977961
454	-1.00675536105
455	-1.02417061431
456	-1.019567047
457	-0.947136125125
458	-0.984108524675
459	-0.989215986359
460	-0.981748769044
461	-0.964240619237
462	-0.8941570263
463	-1.02053696836
464	-0.928261000013
465	-0.869966457135
466	-0.898273676544
467	-0.894075665305
468	-1.04859602107
469	-1.08733068883
470	-0.986081760724
471	-0.981997815923
472	-1.01372608816
473	-0.989932871158
474	-0.927802170623
475	-1.00966216465
476	-0.947497831629
477	-0.916288200442
478	-1.09235993108
479	-1.00763640647
480	-0.951295255544
481	-1.04832789275
482	-1.05335285448
483	-0.987416822347
484	-0.927515931396
485	-1.03007812123
486	-0.99089439472
487	-0.98194839419
488	-0.966553645283
489	-0.919486988772
490	-0.929608701201
491	-0.93170498592
492	-0.956693846166
493	-0.933838267783
494	-0.849949717537
495	-1.03722549411
496	-1.0002958729
497	-1.02763446657
498	-0.934708213609
499	-0.979961130756
500	-0.942445911403
501	-1.00060994107
502	-0.944103042499
503	-0.960694846543
504	-1.04118278812
505	-0.927478033317
506	-0.900544678999
507	-0.826577789683
508	-0.904028519549
509	-0.977807821196
510	-0.89105493828
511	-0.900532923797
512	-0.936778959283
513	-0.867083014079
514	-0.897998667127
515	-0.887956918908
516	-0.884279621106
517	-0.882330276088
518	-0.798632624789
519	-0.876121301172
520	-0.799989049015
521	-0.825033772714
522	-0.859028986386
523	-0.874029229731
524	-0.881126032584
525	-0.85838882129
526	-0.941607680409
527	-0.789871578494
528	-0.7484862989
529	-0.768411648711
530	-0.778393975365
531	-0.904746523362
532	-0.852529776419
533	-0.892745368341
534	-0.805577860445
535	-0.861873670149
536	-0.760007970052
537	-0.822177150405
538	-0.853720716016
539	-0.792923933904
540	-0.811807381868
541	-0.774433637525
542	-0.707330348614
543	-0.729429130417
544	-0.757812681301
545	-0.706830652782
546	-0.725667450338
547	-0.636806236251
548	-0.771307569646
549	-0.730964495371
550	-0.69847438211
551	-0.712405388327
552	-0.671557753722
553	-0.74233717337
554	-0.679007958188
555	-0.646244891966
556	-0.739824049598
557	-0.6410957657
558	-0.590351471647
559	-0.607744091496
560	-0.58495763081
561	-0.670141057827
562	-0.617442003523
563	-0.53078083021
564	-0.578486667046
565	-0.65655908064
566	-0.569268253762
567	-0.430365088251
568	-0.53544865036
569	-0.681735764199
570	-0.559611062039
571	-0.523767942482
572	-0.55174596976
573	-0.50588637159
574	-0.507273045177
575	-0.486074243175
576	-0.456222640041
577	-0.443873223033
578	-0.536110811943
579	-0.608541308948
580	-0.526509313534
581	-0.517169828851
582	-0.437079652852
583	-0.465679521654
584	-0.408521285256
585	-0.485890693365
586	-0.368833758934
587	-0.335380549852
588	-0.487669133063
589	-0.371242418484
590	-0.349423609924
591	-0.348645259009
592	-0.340770581675
593	-0.320248602063
594	-0.272895333413
595	-0.343017670947
596	-0.271405161868
597	-0.20939167386
598	-0.329447190376
599	-0.223788934001
600	-0.228141348818
601	-0.226393682592
602	-0.21698448036
603	-0.305753956262
604	-0.208539154254
605	-0.179075709606
606	-0.216862951893
607	-0.182009392478
608	-0.160669354165
609	-0.207904252415
610	-0.202541686538
611	-0.224184584871
612	-0.109752994108
613	-0.191674197408
614	-0.192258537079
615	-0.143106714409
616	-0.098895088047
617	-0.0164011389602
618	-0.0647511330002
619	-0.0976465478725
620	-0.195671979095
621	-0.0309193243681
622	-0.134055982654
623	-0.131579457525
624	0.0716937063588
625	0.012791381752
626	-0.023002734312
627	0.0149734991981
628	0.0962393761792
629	0.0195910668029
630	0.0696996681884
631	0.00837519196939
632	0.00170433714915
633	0.0858413043322
634	0.0973027092772
635	0.089135790787
636	0.131858149461
637	0.0220414135303
638	0.0935738604305
639	0.1342646723
640	0.127118362466
641	0.12542871357
642	0.198572455678
643	0.162896261614
644	0.180141747962
645	0.181507803397
646	0.0855728867034
647	0.171750494691
648	0.211188450305
649	0.183651811501
650	0.112513046219
651	0.165038676267
652	0.297181062252
653	0.267838193478
654	0.336065951924
655	0.318947053046
656	0.329816713751
657	0.256106426756
658	0.346173295387
659	0.324852901737
660	0.246650833739
661	0.387436190317
662	0.23854346731
663	0.362845297961
664	0.32764853321
665	0.341591190493
666	0.474925209647
667	0.372207004061
668	0.358069148435
669	0.411611070986
670	0.344404645092
671	0.438623959725
672	0.428635103385
673	0.425003866797
674	0.491592243279
675	0.496570709231
676	0.420774054903
677	0.461634949356
678	0.425259172768
679	0.491336388677
680	0.468751550309
681	0.508787948121
682	0.445784362732
683	0.502006192775
684	0.461098253745
685	0.549980388261
686	0.504970114144
687	0.554917037674
688	0.624386314199
689	0.57023871373
690	0.533462888876
691	0.595253335771
692	0.583726269998
693	0.603287517559
694	0.583481080768
695	0.587573166354
696	0.636267395435
697	0.620737230545
698	0.729711708518
699	0.662110407499
700	0.658292070277
701	0.682847790375
702	0.675873560508
703	0.596229984403
704	0.727365486925
705	0.71651828126
706	0.680726749045
707	0.681983517963
708	0.764827136109
709	0.753040147772
710	0.781953156268
711	0.632616739325
712	0.720237972958
713	0.765595882618
714	0.804208028965
715	0.721187550277
716	0.71534458698
717	0.869942958416
718	0.786276740283
719	0.855470053373
720	0.774460250289
721	0.848048762119
722	0.73819058072
723	0.855213260034
724	0.785893668742
725	0.833162326637
726	0.787513133637
727	0.805274252886
728	0.860509528329
729	0.864656531422
730	0.83739442146
731	0.861141658173
732	0.846104883284
733	0.780783624009
734	0.893539654502
735	0.90246806007
736	0.890239540503
737	0.942850414567
738	0.849086178109
739	0.916942115047
740	0.804943968886
741	0.921320130028
742	0.829339193321
743	0.922492198237
744	0.9156937206
745	0.93686624483
746	0.878844003417
747	0.812761059557
748	1.03942318738
749	0.884794482068
750	0.93625204396
751	0.922370734804
752	0.877058026111
753	0.932748279227
754	0.955279348813
755	1.00827301026
756	0.90816527356
757	0.860145456785
758	1.03482480202
759	0.908821980135
760	0.97849771778
761	0.943147542128
762	1.06135269534
763	0.934486533719
764	0.972869994548
765	0.986061243343
766	1.04362203877
767	1.02749910746
768	0.959742407032
769	0.941004186483
770	0.937169368428
771	1.00372523252
772	1.06562707415
773	1.07449350358
774	1.04492094906
775	0.989919968232
776	0.99803327274
777	1.05536514192
778	1.09728422002
779	0.958578368938
780	0.994096584337
781	0.920044191966
782	1.04882419174
783	1.00224352248
784	0.92459148516
785	1.12844542104
786	1.0764601783
787	0.951541844073
788	1.03600757065
789	0.93547499382
790	0.949701233001
791	1.05845225895
792	1.04708379364
793	1.06911783891
794	0.948958777033
795	1.05477979396
796	0.980345608977
797	1.04554499972
798	0.925285765474
799	1.07287287541
800	0.942231650484
801	0.865252027575
802	1.03109669932
803	1.02034505461
804	0.976808452816
805	0.911408616424
806	0.898904339148
807	1.01437059709
808	0.922309580486
809	0.985785004157
810	0.878806760918
811	0.925858420927
812	1.01873696026
813	0.992758103644
814	0.940112660922
815	0.997880743899
816	0.922633155125
817	1.0176887794
818	0.924301714701
819	0.975207317017
820	0.889325043697
821	0.791901307059
822	0.98276798666
823	1.0080400956
824	0.876213035066
825	1.00132258957
826	0.972153818514
827	0.92766030729
828	0.97182666092
829	0.908161457211
830	0.955640579081
831	0.88671959007
832	0.979978961839
833	0.804287417256
834	0.845908994793
835	0.861350949792
836	0.86622810393
837	0.877056739257
838	0.88671169083
839	0.775492016545
840	0.822809185896
841	0.807361270681
842	0.899669392788
843	0.907570666744
844	0.842335695779
845	0.863721804332
846	0.785264890122
847	0.847843656493
848	0.816503407394
849	0.76852420753
850	0.820713417654
851	0.768043785327
852	0.674014557878
853	0.76110930207
854	0.768866447732
855	0.809653596366
856	0.896823513804
857	0.767521368463
858	0.827058933752
859	0.745878354467
860	0.754032302258
861	0.71151821773
862	0.787966907464
863	0.837130294304
864	0.718357248477
865	0.731217153692
866	0.697272063965
867	0.705048818882
868	0.738459515989
869	0.705271364743
870	0.505709765079
871	0.72774240963
872	0.636454196103
873	0.671808120984
874	0.745624488526
875	0.564957776711
876	0.638516067301
877	0.63901937331
878	0.49863898509
879	0.619098161411
880	0.633374622268
881	0.54296426531
882	0.53384744005
883	0.612525952077
884	0.548812163833
885	0.486603446261
886	0.559448233601
887	0.558495459159
888	0.539172533195
889	0.511789117764
890	0.50255645304
891	0.462961527109
892	0.535050149606
893	0.480221175206
894	0.480467646766
895	0.451124257922
896	0.442566186456
897	0.422128543787
898	0.419772599333
899	0.480305508445
900	0.39055935052
901	0.43402510413
902	0.418048851715
903	0.406362767415
904	0.333993634141
905	0.253006119317
906	0.346110297348
907	0.359444715185
908	0.386493948342
909	0.310064637566
910	0.31080431825
911	0.252987485968
912	0.334179327343
913	0.26726779492
914	0.19095390294
915	0.319920352876
916	0.280387658258
917	0.247616508007
918	0.269312540592
919	0.304448398458
920	0.208556125884
921	0.272675950111
922	0.206285426055
923	0.14963960897
924	0.145183002856
925	0.237562116372
926	0.231670754936
927	0.210993128262
928	0.162519014938
929	0.151699629275
930	0.144695988676
931	0.20562222785
932	0.0665115293204
933	0.0432986867868
934	0.124599712108
935	0.120798708286
936	-0.00910358105375
937	0.0540839319851
938	0.112271968244
939	0.078488490688
940	0.0218748167263
941	-0.0369258040845
942	-0.0824285505668
943	-0.0802118741672
944	-0.102618413241
945	-0.0527222849385
946	-0.0365440335659
947	0.0140742233744
948	-0.153475184658
949	-0.0983167679015
950	-0.208754850822
951	-0.040851016864
952	-0.0216776494834
953	-0.16412685217
954	-0.116169740686
955	-0.0998067665725
956	-0.0859405775023
957	-0.109427029367
958	-0.129683408368
959	-0.162705967694
960	-0.232099118539
961	-0.214778860848
962	-0.225286583421
963	-0.149527070212
964	-0.279057286693
965	-0.313907810164
966	-0.228388662128
967	-0.306766201266
968	-0.312729164864
969	-0.235121988412
970	-0.309171835096
971	-0.315348701025
972	-0.299215343782
973	-0.240146341404
974	-0.318878009103
975	-0.365135496698
976	-0.307331989117
977	-0.312847699858
978	-0.169055053502
979	-0.405210956799
980	-0.387801696502
981	-0.310153522226
982	-0.321193488242
983	-0.357874725347
984	-0.395270692856
985	-0.353432925161
986	-0.388798852205
987	-0.467396694273
988	-0.528690700142
989	-0.437840885422
990	-0.387443325312
991	-0.405220634558
992	-0.512228615743
993	-0.594398080697
994	-0.532996245931
995	-0.50571146254
996	-0.62451287966
997	-0.5880804602
998	-0.547503345688
999	-0.518020971134
