0	0.0543987422288
1	0.0402217900589
2	0.120485646183
3	-0.0449251376894
4	0.0171847166358
5	0.0624229469561
6	0.0145135625614
7	-0.0100914113217
8	0.0939191256649
9	0.0104888040958
10	-0.00115063770179
11	0.206955312998
12	0.0706187398661
13	0.207762264429
14	0.126519403392
15	0.0530886051243
16	0.16898555848
17	0.238173159041
18	0.171818665742
19	0.166344907642
20	0.212402943627
21	0.186593266558
22	0.29389702445
23	0.167296919002
24	0.214993200805
25	0.249537793766
26	0.271736678615
27	0.247332133656
28	0.237757669871
29	0.320297227103
30	0.209578025323
31	0.236555828343
32	0.334322597481
33	0.343383490218
34	0.407601794787
35	0.314237329615
36	0.35566945948
37	0.428290819204
38	0.319053924012
39	0.386398881852
40	0.444829052848
41	0.345093821006
42	0.452581779999
43	0.334440102273
44	0.346437978084
45	0.493475203567
46	0.466749683071
47	0.471494293333
48	0.51821505121
49	0.443186300865
50	0.518288402219
51	0.538368333088
52	0.546428701257
53	0.566023921502
54	0.534569480262
55	0.505963547373
56	0.520319558989
57	0.475723853366
58	0.533278142529
59	0.552734389749
60	0.6538177483
61	0.583189311277
62	0.516780382814
63	0.573936792635
64	0.657500338036
65	0.613258508348
66	0.591919986126
67	0.59586020199
68	0.596129017576
69	0.65661742572
70	0.775731422721
71	0.619916642762
72	0.690653450371
73	0.614062446897
74	0.700902887746
75	0.616695746497
76	0.695100653095
77	0.659945542754
78	0.663675178943
79	0.636450257436
80	0.75413731927
81	0.747907158384
82	0.662570815266
83	0.789977439384
84	0.804889204738
85	0.653920992542
86	0.830159964007
87	0.78415591765
88	0.772865542012
89	0.778193169254
90	0.792404742581
91	0.702603139494
92	0.893321692245
93	0.853514366513
94	0.867367290554
95	0.670438748338
96	0.862144915192
97	0.815943924065
98	0.77042809241
99	0.93112329296
100	0.863180043452
101	0.877737194398
102	0.891768370962
103	0.909492374739
104	0.965016042361
105	0.877930206636
106	0.833204154205
107	0.836217734435
108	0.908761907987
109	0.89281999159
110	0.867532907305
111	0.946105817328
112	0.876037890497
113	0.85749986325
114	0.960969286038
115	0.947125930495
116	0.92729634635
117	0.925927067011
118	0.879441950722
119	0.911381338675
120	0.948128958857
121	0.91711600022
122	1.00883647485
123	0.975469323871
124	0.93972344385
125	1.00097460948
126	0.933236253236
127	0.91634568222
128	0.952960634505
129	0.954200336574
130	0.888274576342
131	0.979706433317
132	0.994293117807
133	0.966599362089
134	0.977179036629
135	0.976673281943
136	0.908193594109
137	1.02552968513
138	0.912388338877
139	0.975183351088
140	0.963237991817
141	1.01278360591
142	1.06047539527
143	0.980558907953
144	1.00550236601
145	0.908717828277
146	0.934629695827
147	1.01644577684
148	1.00965171689
149	1.02487815843
150	0.966838652724
151	0.987232601682
152	1.0292549876
153	0.953190895476
154	0.983721699045
155	0.9892607344
156	1.00270489899
157	1.01824319933
158	0.963097504219
159	0.959692823585
160	1.03807290895
161	1.03834554539
162	0.980506913483
163	1.02959369711
164	0.926882378811
165	0.965973520308
166	0.92520183639
167	1.01787463035
168	1.0504563598
169	1.00579431406
170	1.04203766621
171	0.954914148096
172	0.997694288291
173	0.962363181327
174	0.95075946525
175	1.0466614528
176	1.03012251804
177	1.0363753183
178	0.97708118119
179	1.00324819566
180	0.958934382812
181	0.889655524179
182	0.960606432322
183	1.00606434952
184	1.06818505603
185	0.867601750959
186	1.0370415327
187	1.02128243497
188	0.920911946594
189	0.951958139239
190	0.903561140744
191	0.953230072024
192	0.938141156679
193	0.97268430155
194	0.902880548495
195	0.922463339977
196	0.890061068621
197	1.02149411256
198	0.912511174221
199	1.02157813312
200	0.909846050146
201	0.853439057438
202	0.934680341922
203	0.929777023867
204	0.852704277348
205	0.905923384944
206	0.917112983349
207	0.855632396543
208	0.857918091767
209	0.870731142639
210	0.861971544607
211	0.913579839996
212	0.788073936012
213	0.793640629653
214	0.838911022863
215	0.817004909856
216	0.839974016372
217	0.770183497921
218	0.892753105341
219	0.822173833113
220	0.872927972219
221	0.738507553189
222	0.825102425714
223	0.754689438458
224	0.747204114268
225	0.694947505576
226	0.728823440644
227	0.715403684414
228	0.69547104234
229	0.738133272859
230	0.798516246296
231	0.756809358584
232	0.717063860762
233	0.661829150735
234	0.722430522468
235	0.648699183909
236	0.708270225273
237	0.746756508581
238	0.654229103729
239	0.744705643894
240	0.743463589692
241	0.765750840831
242	0.591011395471
243	0.730031987318
244	0.639920050679
245	0.697769630026
246	0.654893311451
247	0.576993052077
248	0.596875167871
249	0.612855432817
250	0.643233765041
251	0.678191793508
252	0.619257407615
253	0.626692780848
254	0.546247442394
255	0.547647074468
256	0.566437156497
257	0.592164261854
258	0.63376601065
259	0.558134190018
260	0.559578613249
261	0.450358857072
262	0.464358786508
263	0.488744358069
264	0.524517677348
265	0.433548970657
266	0.459645663817
267	0.469093356825
268	0.476471175774
269	0.41582882694
270	0.390472897769
271	0.470139723501
272	0.446536723184
273	0.40271172663
274	0.320592317465
275	0.38702914828
276	0.371727308969
277	0.432377975542
278	0.310098163078
279	0.437048405733
280	0.370484694515
281	0.324532573568
282	0.237697605434
283	0.414698098871
284	0.379483377084
285	0.317470272461
286	0.243907412865
287	0.216467746428
288	0.256908661442
289	0.153297729377
290	0.210435221621
291	0.180997120494
292	0.189843487811
293	0.221318750434
294	0.133500515034
295	0.150090431253
296	0.148148895026
297	0.144272471778
298	0.109930469301
299	0.179502553348
300	0.131785176964
301	0.139726832421
302	0.117281044634
303	0.164054538709
304	0.0758243475733
305	-0.0218848092337
306	0.096656272738
307	0.0698952516319
308	0.0323948037462
309	0.0821938930103
310	0.0656817035816
311	0.0723100336895
312	-0.0266733472562
313	-0.0145000686211
314	-0.057971353046
315	-0.0036119283302
316	-0.0397238807886
317	0.0509234789112
318	-0.0663962469658
319	-0.0570039429846
320	-0.10824921631
321	-0.107123600858
322	-0.0283327798343
323	-0.0388378829703
324	-0.163446612755
325	-0.0521857906394
326	-0.0882788212009
327	-0.101993427832
328	-0.105531381171
329	-0.139705420607
330	-0.140510152775
331	-0.125861301114
332	-0.313483851971
333	-0.163922088148
334	-0.1460273075
335	-0.152412475341
336	-0.202390861719
337	-0.323980516827
338	-0.173678502555
339	-0.205995165476
340	-0.316787716005
341	-0.201605833957
342	-0.32359762824
343	-0.320764589361
344	-0.235737601202
345	-0.209727382103
346	-0.353607957673
347	-0.350370018304
348	-0.296937942687
349	-0.3241353852
350	-0.352896753518
351	-0.302720316879
352	-0.388158086222
353	-0.352400316531
354	-0.393198896675
355	-0.305622468438
356	-0.462632881563
357	-0.45158436293
358	-0.409152871552
359	-0.356389974236
360	-0.508400092461
361	-0.489301758269
362	-0.438343633787
363	-0.552777131754
364	-0.47054081875
365	-0.566049438122
366	-0.450154068241
367	-0.558103305807
368	-0.51053828647
369	-0.521769829979
370	-0.487567559527
371	-0.48337849767
372	-0.64502557006
373	-0.545869932723
374	-0.560389185087
375	-0.580173100141
376	-0.638870689466
377	-0.54350436703
378	-0.627665994445
379	-0.557977280746
380	-0.601641270629
381	-0.615900653817
382	-0.613976294838
383	-0.607592173032
384	-0.630315216945
385	-0.582860171768
386	-0.666385033971
387	-0.750219846418
388	-0.594980341897
389	-0.720550374016
390	-0.613843874999
391	-0.730964826985
392	-0.643757690555
393	-0.682603385828
394	-0.68738429481
395	-0.797900588755
396	-0.74470827825
397	-0.743789581497
398	-0.725287336619
399	-0.819500837236
400	-0.758398123089
401	-0.698613771302
402	-0.789007100324
403	-0.729290535878
404	-0.777753938698
405	-0.816974030422
406	-0.873214072919
407	-0.819842843053
408	-0.816547545765
409	-0.92428127507
410	-0.80761042583
411	-0.914429801631
412	-0.85697072662
413	-0.786843495199
414	-0.9005316209
415	-0.809647675069
416	-0.781083951858
417	-0.886461107119
418	-0.837367908279
419	-0.790325467659
420	-0.948947660012
421	-0.869856108954
422	-0.801794748354
423	-0.904660843905
424	-0.862258304011
425	-0.936304530827
426	-1.00252231465
427	-0.944038513976
428	-0.924119109339
429	-0.886701844758
430	-0.983951101883
431	-0.92434057474
432	-0.900840257243
433	-0.877180968331
434	-0.953070627394
435	-0.915381354028
436	-0.960936335095
437	-0.946690632196
438	-0.942722637587
439	-0.90682988433
440	-0.955301950148
441	-0.897236886849
442	-0.977999741458
443	-0.973184961939
444	-1.00295969024
445	-0.982035757454
446	-0.919490506685
447	-0.974775867625
448	-0.934461626104
449	-0.949527377083
450	-1.07281828299
451	-0.930457587972
452	-1.01322210813
453	-0.922036017263
454	-1.04336083104
455	-0.950891157293
456	-1.07891677729
457	-0.946481179489
458	-0.93959347256
459	-0.932503745264
460	-1.01119107864
461	-0.982908134983
462	-0.940848649311
463	-0.961869157924
464	-1.11662347896
465	-0.913782584896
466	-0.945460223769
467	-1.08111213558
468	-0.899470108279
469	-1.01382598752
470	-1.02114269699
471	-0.995538411559
472	-0.996587284573
473	-1.01151735556
474	-1.04893372953
475	-1.08681089039
476	-0.917353439861
477	-1.06937841347
478	-0.966467370085
479	-0.990314888441
480	-0.864424787155
481	-0.949260103502
482	-1.05729088359
483	-0.987975976626
484	-0.990050392854
485	-0.989534372763
486	-0.99727312976
487	-1.02244649606
488	-1.07376310087
489	-1.01702069409
490	-1.00921579488
491	-1.02017551448
492	-0.923643401868
493	-1.00785308067
494	-0.991258976911
495	-0.978708460159
496	-0.949146118288
497	-0.870724918124
498	-0.938395118856
499	-0.888620247676
500	-0.923504522603
501	-0.986124313429
502	-0.920189862433
503	-0.943561382909
504	-0.873290439743
505	-1.00658873457
506	-0.978097206765
507	-0.894263637122
508	-0.973135803612
509	-0.89716848843
510	-0.844475447095
511	-0.971888412917
512	-0.952451706282
513	-0.905917534323
514	-0.977800636936
515	-0.854365718213
516	-0.850279670546
517	-0.932755399757
518	-0.88638504887
519	-0.884170513741
520	-0.920128654153
521	-0.89141600871
522	-0.799603519446
523	-0.860613902227
524	-0.86497520258
525	-0.843727478765
526	-0.867397470771
527	-0.849967157961
528	-0.824573508151
529	-0.805312918639
530	-0.815998023114
531	-0.900735681814
532	-0.803907538109
533	-0.819640247298
534	-0.778303068191
535	-0.802070223384
536	-0.765042851721
537	-0.809419799335
538	-0.832160451835
539	-0.800007683498
540	-0.849989002893
541	-0.760937253763
542	-0.76275910224
543	-0.799120886343
544	-0.811455356877
545	-0.755913833653
546	-0.822039832093
547	-0.771582247164
548	-0.616713319405
549	-0.650464422538
550	-0.729553172462
551	-0.774525573453
552	-0.71537314179
553	-0.710954342246
554	-0.638172780904
555	-0.721323852797
556	-0.742163998917
557	-0.666647229084
558	-0.632167621609
559	-0.636915061506
560	-0.639369417373
561	-0.633192720788
562	-0.648900043834
563	-0.711095952883
564	-0.666989534517
565	-0.605696435806
566	-0.596808324288
567	-0.603915301196
568	-0.551104041363
569	-0.640206676365
570	-0.5663636077
571	-0.560991108656
572	-0.497977405315
573	-0.457408229448
574	-0.625676815562
575	-0.503844769942
576	-0.444013139695
577	-0.442859524487
578	-0.475481393486
579	-0.425511085856
580	-0.469088372264
581	-0.45360730897
582	-0.424834099309
583	-0.374906527183
584	-0.441020972152
585	-0.481237658264
586	-0.454711976861
587	-0.430891759243
588	-0.358229679629
589	-0.360552473263
590	-0.329312112628
591	-0.302263509811
592	-0.321424041032
593	-0.325534871276
594	-0.391567938713
595	-0.279656851132
596	-0.325515268293
597	-0.317556017637
598	-0.293366351614
599	-0.297576283894
600	-0.302089170437
601	-0.304353626224
602	-0.322058175945
603	-0.276820512808
604	-0.257262630895
605	-0.251642033548
606	-0.196803319129
607	-0.203801734416
608	-0.322501763629
609	-0.153832001632
610	-0.218413588983
611	-0.140712721302
612	-0.156217893828
613	-0.158158162119
614	-0.132383082351
615	-0.193809774316
616	-0.00790231640724
617	-0.0321567099893
618	-0.0751878913593
619	-0.116904676557
620	-0.0584223340718
621	-0.102941950144
622	-0.0354589742391
623	-0.0789509269683
624	-0.00603754091844
625	0.0261128045719
626	-0.0437035081849
627	0.0352859101222
628	0.023001662176
629	-0.0413575822886
630	0.070649383089
631	-0.0283158024995
632	0.0594277037382
633	0.0600606144809
634	0.0675560554468
635	0.0188532549455
636	0.145466998284
637	0.182191899896
638	0.0755085282607
639	0.0742487490313
640	0.0791540876694
641	0.149708868265
642	0.123046773652
643	0.114380169365
644	0.168617761054
645	0.195229185129
646	0.202819113072
647	0.191473059555
648	0.184597373831
649	0.215917529564
650	0.188290166603
651	0.399045594925
652	0.215200027832
653	0.325321750101
654	0.245548907668
655	0.184872032781
656	0.260916596969
657	0.289907629679
658	0.245131466608
659	0.296931959594
660	0.278611554522
661	0.356134999822
662	0.303002498757
663	0.363658827056
664	0.415890306413
665	0.355058583731
666	0.310436913559
667	0.452191338768
668	0.342788010667
669	0.386938913955
670	0.357064493988
671	0.418219085274
672	0.444552993461
673	0.366813487057
674	0.378252227571
675	0.411938386487
676	0.54299692632
677	0.429585573504
678	0.416329828685
679	0.422076822191
680	0.522176947709
681	0.536552038808
682	0.455888306141
683	0.544075619904
684	0.520492267168
685	0.570709571214
686	0.535750545062
687	0.568488088612
688	0.478161857014
689	0.604253867982
690	0.448447728946
691	0.612577510015
692	0.585415356745
693	0.674525071926
694	0.66092136665
695	0.744084949594
696	0.625317922683
697	0.617141809462
698	0.586755845257
699	0.68790137318
700	0.613168524887
701	0.736869251177
702	0.603848753659
703	0.69436076629
704	0.746555123605
705	0.734588890886
706	0.783359040781
707	0.6748615565
708	0.675818416137
709	0.698113712105
710	0.706563207889
711	0.716806661699
712	0.821157027092
713	0.754706582399
714	0.751249900206
715	0.713536473349
716	0.745595538081
717	0.740984981175
718	0.792409271122
719	0.780453295884
720	0.720880605672
721	0.785638712872
722	0.804185698592
723	0.887709935936
724	0.944266937846
725	0.897316743425
726	0.799853519703
727	0.840783499146
728	0.846134025896
729	0.849951768821
730	0.838771852292
731	0.761489653909
732	0.780187957872
733	0.806835501407
734	0.800556026939
735	0.86552093314
736	0.905030433758
737	0.875006145756
738	0.867810763198
739	0.784373926866
740	0.911513772532
741	0.940577533953
742	1.01475708843
743	0.913223695442
744	0.844290820231
745	0.918117729502
746	0.9669308546
747	0.952367475411
748	0.939919677954
749	0.969289032672
750	0.861926372154
751	0.970404003117
752	0.947128857387
753	0.998726152527
754	0.966766230741
755	0.976102885584
756	0.96013377529
757	1.05757863785
758	0.994542077316
759	0.959851677772
760	1.04491842532
761	1.05880252221
762	0.990076147
763	0.981946066841
764	0.97428955089
765	0.955805541077
766	0.985607705987
767	0.970347420545
768	0.971646850542
769	1.03242648017
770	0.999304478106
771	0.955500800777
772	0.99189183834
773	0.981308168846
774	0.950695580359
775	1.01071633439
776	0.998982089782
777	0.993929932374
778	1.14756248236
779	0.929708722811
780	0.974420520055
781	1.02158417043
782	0.945753956757
783	0.992650505255
784	0.877220200038
785	0.991792197593
786	1.05370798901
787	0.980576978354
788	1.04423839614
789	0.98749648402
790	1.05956277577
791	1.03102368963
792	1.07678915289
793	0.966077911481
794	1.00901959932
795	1.05706432108
796	0.952606149067
797	0.961299089063
798	0.94050428946
799	1.04018034669
800	0.964103201486
801	0.985795286012
802	0.959043683256
803	0.909972880412
804	1.02738150799
805	1.0603137205
806	0.952482618735
807	0.910807361467
808	0.910560860401
809	0.982947751259
810	1.02348202064
811	0.961453642333
812	0.908922195345
813	0.931373600143
814	1.01562249111
815	1.03341500488
816	1.01175856399
817	0.920342412797
818	0.939212617003
819	1.00206530237
820	0.956337403203
821	0.93241492391
822	0.960423583478
823	1.01276449975
824	0.95177172291
825	0.764216227493
826	0.85852656757
827	1.02018907957
828	0.89745037955
829	0.874075909778
830	0.900186594767
831	0.806856205047
832	0.846922752552
833	0.9968527508
834	0.905754729584
835	0.971853820413
836	0.870025108561
837	0.912136481179
838	0.827498341839
839	0.890738935815
840	0.852345533788
841	0.785610943836
842	0.884998414412
843	0.808063973378
844	0.885088131083
845	0.804840937036
846	0.834229786225
847	0.771390547275
848	0.864682390108
849	0.762122145282
850	0.786197136579
851	0.825266769197
852	0.816742195986
853	0.839121386875
854	0.844458187522
855	0.746457579006
856	0.733069922246
857	0.782515813504
858	0.656282291398
859	0.68951745052
860	0.801201392372
861	0.765051270863
862	0.69756531197
863	0.685476224356
864	0.625893733361
865	0.729462643788
866	0.698539735312
867	0.698692969918
868	0.715410829508
869	0.532901899595
870	0.64248543747
871	0.560130518846
872	0.687149096788
873	0.679819838324
874	0.634481105681
875	0.587084552886
876	0.597837261915
877	0.619194831254
878	0.700797479449
879	0.618611365062
880	0.5267501689
881	0.60222010598
882	0.533722826818
883	0.442814324487
884	0.524859241174
885	0.505738344527
886	0.474101830644
887	0.593602115126
888	0.529526618753
889	0.610828199859
890	0.39617931992
891	0.460043918166
892	0.427698372898
893	0.460361087117
894	0.477849709405
895	0.538217038865
896	0.468861440208
897	0.43409211565
898	0.466006451368
899	0.401561649403
900	0.454599251278
901	0.392090333768
902	0.321110018151
903	0.457028244763
904	0.472489921612
905	0.400359278989
906	0.352748168583
907	0.354773253153
908	0.201731912999
909	0.268465129951
910	0.387452165131
911	0.307806023125
912	0.316476419247
913	0.207433032716
914	0.237876450841
915	0.354857098022
916	0.249307317557
917	0.245366598163
918	0.224955908845
919	0.246804571371
920	0.269620614615
921	0.254286175454
922	0.226880309759
923	0.158547001103
924	0.180471973314
925	0.148253904002
926	0.20598924713
927	0.131927777049
928	0.113242200645
929	0.213667006847
930	0.0954194411666
931	0.125598328606
932	0.143767896845
933	0.103349687733
934	0.0616543487286
935	0.0881257832788
936	0.0513181885081
937	0.0537220007206
938	0.0566671901226
939	0.0433387449348
940	-0.0698223288269
941	0.00675837996501
942	0.0350449171291
943	-0.0125618151594
944	-0.030931029998
945	-0.0370910676303
946	-0.0364597049451
947	-0.0603193342262
948	-0.0404478017305
949	-0.0325731449574
950	-0.0224542149713
951	-0.0654804465815
952	-0.0970395346738
953	-0.214011832163
954	-0.121689402994
955	-0.251986952522
956	-0.117786620099
957	-0.153915514212
958	-0.187214516512
959	-0.180040271824
960	-0.243087584098
961	-0.174117023996
962	-0.224764078071
963	-0.180601125658
964	-0.221701581911
965	-0.249667766696
966	-0.318267701586
967	-0.302677174289
968	-0.172486451799
969	-0.264690981913
970	-0.258395556542
971	-0.209871086994
972	-0.397668649514
973	-0.236370649034
974	-0.304298562171
975	-0.343972938647
976	-0.363841044755
977	-0.296256717423
978	-0.291295293218
979	-0.365249238776
980	-0.324876790896
981	-0.373876750589
982	-0.417872741577
983	-0.328862365661
984	-0.413579068425
985	-0.467781553906
986	-0.431219057896
987	-0.40673773687
988	-0.444083837031
989	-0.361657797938
990	-0.432146468584
991	-0.450602179361
992	-0.392827132806
993	-0.359962877401
994	-0.476227467135
995	-0.52861543242
996	-0.592643575588
997	-0.545095681425
998	-0.562919407856
999	-0.588860701961
