0	0.139870105318
1	0.148352646387
2	0.157539364573
3	0.166239853925
4	0.177123565055
5	0.187380678475
6	0.198467583694
7	0.207696079496
8	0.219710936865
9	0.230344571022
10	0.240484116989
11	0.254233584192
12	0.258096759625
13	0.266454918358
14	0.275112886211
15	0.285422894686
16	0.150001093121
17	0.158758206696
18	0.169890934112
19	0.175762197247
20	0.187901427464
21	0.200359188148
22	0.208135884422
23	0.219405136522
24	0.233190605133
25	0.240801959537
26	0.254198716383
27	0.264368132746
28	0.268594880173
29	0.281408712406
30	0.289256816001
31	0.299710600545
32	0.313805341335
33	0.322114454741
34	0.330602795443
35	0.34171036112
36	0.353228051836
37	0.363943839044
38	0.374488572793
39	0.380914831063
40	0.391612486821
41	0.399513415686
42	0.408111608073
43	0.416626690228
44	0.428944436127
45	0.439412061624
46	0.445366096645
47	0.456407271412
48	0.469163165645
49	0.477615769005
50	0.485147177972
51	0.49085197819
52	0.499394150553
53	0.508513785893
54	0.51904228903
55	0.528159341113
56	0.537379176523
57	0.542507461191
58	0.553289554123
59	0.558262704623
60	0.569191812223
61	0.578692041456
62	0.583849616467
63	0.588992058115
64	0.597556998295
65	0.604517365179
66	0.611165380767
67	0.619398381893
68	0.627474771943
69	0.630732114103
70	0.638736236603
71	0.646299461978
72	0.65438740121
73	0.662201753036
74	0.671798143618
75	0.676929204132
76	0.687250031481
77	0.693301444154
78	0.701912898071
79	0.706569212178
80	0.71530279165
81	0.720104112438
82	0.724866827107
83	0.735145715193
84	0.743246316449
85	0.751779897565
86	0.758905683785
87	0.762959045967
88	0.773416603531
89	0.779091656751
90	0.785732314548
91	0.789832764448
92	0.79868325419
93	0.804674749296
94	0.810965275494
95	0.819523779688
96	0.826784010993
97	0.829916209295
98	0.836372637406
99	0.844995519685
100	0.849156698684
101	0.852824512693
102	0.859658481122
103	0.8621197349
104	0.867088614937
105	0.871459840943
106	0.878449032022
107	0.883996443576
108	0.891181907344
109	0.894444116957
110	0.896859931706
111	0.898344125393
112	0.906905394671
113	0.909694952895
114	0.911886790843
115	0.918228558749
116	0.920142795865
117	0.923276714612
118	0.92629010377
119	0.928862979861
120	0.928823622872
121	0.930657369622
122	0.931701555448
123	0.936003955353
124	0.939853054062
125	0.943005226726
126	0.948085693505
127	0.951510723827
128	0.953310619242
129	0.954300920387
130	0.956638188041
131	0.958319293823
132	0.960214014622
133	0.963171039231
134	0.964410784252
135	0.967677167615
136	0.97124909637
137	0.971402488389
138	0.973420842899
139	0.972827638643
140	0.973652959101
141	0.976032345631
142	0.974884554562
143	0.975686268815
144	0.979374972656
145	0.981962394198
146	0.982759563195
147	0.987041960794
148	0.985441231869
149	0.984583062248
150	0.983328591772
151	0.984561791582
152	0.986797642426
153	0.989755240001
154	0.990255481852
155	0.991544142737
156	0.992226292349
157	0.992199782941
158	0.990320263527
159	0.989901659209
160	0.991403586788
161	0.992339130797
162	0.994410747551
163	0.996490096031
164	0.994747326515
165	0.991111078251
166	0.989163450188
167	0.990352107666
168	0.992805212343
169	0.987906629415
170	0.990447557815
171	0.991585761934
172	0.989514586546
173	0.987976805948
174	0.984501592051
175	0.984202578954
176	0.983549498139
177	0.981568025187
178	0.977463025281
179	0.975704129115
180	0.971475867645
181	0.97434288988
182	0.972722818787
183	0.975643312627
184	0.972369719287
185	0.966399498003
186	0.964244529151
187	0.960842691504
188	0.957745422693
189	0.954964486228
190	0.953593268108
191	0.950710629662
192	0.944991133873
193	0.940161092194
194	0.934876129355
195	0.932951846289
196	0.926431414178
197	0.921422512567
198	0.919884800406
199	0.915533239119
200	0.910500198721
201	0.901469848475
202	0.902232010729
203	0.895720868318
204	0.891225278537
205	0.885697872677
206	0.881853760146
207	0.87734249644
208	0.871099285599
209	0.86372978102
210	0.856340057962
211	0.850658940869
212	0.843780386395
213	0.839176513796
214	0.832419608758
215	0.827701371921
216	0.818473666698
217	0.810958003079
218	0.806988047474
219	0.798321951777
220	0.791609624546
221	0.788399086099
222	0.780771986668
223	0.775547521836
224	0.772148467083
225	0.769355520085
226	0.76087916411
227	0.756880995708
228	0.748588274819
229	0.745851780698
230	0.741647316511
231	0.733710408305
232	0.727039810063
233	0.720157428743
234	0.716310467141
235	0.709808609206
236	0.703659626616
237	0.69619795415
238	0.690371890186
239	0.68196415227
240	0.676259537665
241	0.671561360319
242	0.669707375624
243	0.66453497409
244	0.659813002237
245	0.652385360259
246	0.644089163703
247	0.634702136787
248	0.627662994931
249	0.619071634625
250	0.612944862294
251	0.605267978487
252	0.600048947937
253	0.591187087382
254	0.580390614327
255	0.574812148259
256	0.565776726419
257	0.555450912387
258	0.541961260164
259	0.535779979946
260	0.52492226242
261	0.518633108628
262	0.506885488418
263	0.500284127638
264	0.494026298621
265	0.485773492733
266	0.474405073722
267	0.467479750505
268	0.45842798031
269	0.449282915608
270	0.437683359003
271	0.427690034882
272	0.418879779942
273	0.406360403363
274	0.394792856689
275	0.38107258729
276	0.369912262981
277	0.359661964108
278	0.350060196167
279	0.340536912675
280	0.330215838037
281	0.31869325605
282	0.308886634797
283	0.300397449631
284	0.290175989636
285	0.279971615595
286	0.2709247131
287	0.264063550705
288	0.252114599919
289	0.237920008028
290	0.228645600334
291	0.221048719551
292	0.210302224262
293	0.201528484385
294	0.190416476143
295	0.183210775253
296	0.16915860092
297	0.157492395976
298	0.145901367897
299	0.138588957783
300	0.124818594763
301	0.114862234212
302	0.103229915442
303	0.0941113895071
304	0.0842714815453
305	0.0732402008695
306	0.067736246045
307	0.0601825156028
308	0.0497448267165
309	0.0424106061574
310	0.0330288615623
311	0.0258926814755
312	0.0181465659475
313	0.00942370789798
314	0.000793931396358
315	-0.00635127376774
316	-0.0212902557471
317	-0.0302510819626
318	-0.0389102983239
319	-0.0470828292322
320	-0.0581872353058
321	-0.070302534227
322	-0.0749023431155
323	-0.084073598819
324	-0.095791264505
325	-0.10288219292
326	-0.115178905685
327	-0.126889399411
328	-0.136224176226
329	-0.141771268191
330	-0.152047264829
331	-0.160907830443
332	-0.169796497544
333	-0.178415027981
334	-0.190652004721
335	-0.197813340173
336	-0.207848314211
337	-0.215246832399
338	-0.223915780757
339	-0.232318498594
340	-0.245160771278
341	-0.253892218253
342	-0.264709402523
343	-0.272833982918
344	-0.285149336392
345	-0.296778741759
346	-0.305828384582
347	-0.318321323339
348	-0.328766157207
349	-0.336419659818
350	-0.345093356184
351	-0.357580507648
352	-0.368432804955
353	-0.378110955508
354	-0.38306813862
355	-0.392452986957
356	-0.405756938611
357	-0.412698823966
358	-0.423571046728
359	-0.431346061028
360	-0.440985639819
361	-0.45031190545
362	-0.462976711885
363	-0.469169721675
364	-0.476784002048
365	-0.486449538749
366	-0.495232596617
367	-0.502950639633
368	-0.512877757816
369	-0.518777821015
370	-0.528292509422
371	-0.539111326081
372	-0.547879746489
373	-0.555695428078
374	-0.560612382989
375	-0.570364260427
376	-0.579072373043
377	-0.58435126072
378	-0.590353761828
379	-0.60124942713
380	-0.607065522478
381	-0.615345788016
382	-0.620171178879
383	-0.631363505213
384	-0.63743304513
385	-0.643132302246
386	-0.651230401348
387	-0.658555340025
388	-0.667475807935
389	-0.67268636734
390	-0.68260588674
391	-0.690468118799
392	-0.697630980788
393	-0.706279786412
394	-0.714283000315
395	-0.722972812654
396	-0.732033220105
397	-0.737645408728
398	-0.746270589549
399	-0.752200025314
400	-0.757457351945
401	-0.765219348617
402	-0.772931704269
403	-0.776687474986
404	-0.782709529944
405	-0.791039098642
406	-0.79350104938
407	-0.802313684801
408	-0.806292275014
409	-0.81515733078
410	-0.824851843775
411	-0.832629244356
412	-0.83645404801
413	-0.840756883358
414	-0.848034505188
415	-0.854066421495
416	-0.856531252404
417	-0.860130732563
418	-0.867841546384
419	-0.871671069223
420	-0.878690638897
421	-0.883809932639
422	-0.887620496493
423	-0.888639157444
424	-0.892743978872
425	-0.89518911042
426	-0.896816942734
427	-0.901834352919
428	-0.904517076817
429	-0.908306926236
430	-0.912326532645
431	-0.914576358303
432	-0.918358599243
433	-0.923462945462
434	-0.92911013261
435	-0.931931031995
436	-0.938685475645
437	-0.93786997132
438	-0.943127690171
439	-0.947645763169
440	-0.952926245999
441	-0.955478454347
442	-0.955578119248
443	-0.953456344418
444	-0.955491270619
445	-0.957272756245
446	-0.958913568504
447	-0.958244418687
448	-0.964071173361
449	-0.964463365108
450	-0.966532433454
451	-0.970412479157
452	-0.969930320195
453	-0.971533036935
454	-0.97378916011
455	-0.97538963811
456	-0.978109559329
457	-0.979813056463
458	-0.984409930483
459	-0.987707238026
460	-0.986015373721
461	-0.988028062304
462	-0.987556292989
463	-0.989702486376
464	-0.986358514241
465	-0.98680695295
466	-0.990072513753
467	-0.987501534772
468	-0.989307377344
469	-0.988589567181
470	-0.990869479681
471	-0.990235711954
472	-0.993959104184
473	-0.992083465299
474	-0.99398451425
475	-0.996426394308
476	-0.996157899054
477	-0.996056747601
478	-0.996309803417
479	-0.997457070412
480	-0.997071523756
481	-0.989620052216
482	-0.990365886578
483	-0.98864346306
484	-0.983867474788
485	-0.986493359793
486	-0.983655901457
487	-0.981304952545
488	-0.977600468551
489	-0.977903542793
490	-0.976890811012
491	-0.972203838514
492	-0.968759138915
493	-0.96814747372
494	-0.961332232315
495	-0.96149650634
496	-0.960349137184
497	-0.961606493159
498	-0.962471357808
499	-0.956322110373
500	-0.952149495037
501	-0.950413283125
502	-0.947287546037
503	-0.943860194037
504	-0.940759653373
505	-0.935233983914
506	-0.928645584682
507	-0.924142497026
508	-0.919439457272
509	-0.917017762632
510	-0.912761532029
511	-0.908479961758
512	-0.903809205636
513	-0.899450623829
514	-0.897792233071
515	-0.896651038009
516	-0.894083986204
517	-0.890936583922
518	-0.88463897043
519	-0.881059587429
520	-0.875649934968
521	-0.873714461017
522	-0.868428755479
523	-0.863032103259
524	-0.861690447676
525	-0.85526018859
526	-0.851187176887
527	-0.849812796258
528	-0.8449511885
529	-0.83899549539
530	-0.836453746837
531	-0.830204704723
532	-0.82300311688
533	-0.816948109365
534	-0.810790466113
535	-0.80740078504
536	-0.802285713163
537	-0.795947097651
538	-0.788273060444
539	-0.785900949334
540	-0.782311558324
541	-0.776301619734
542	-0.769890714971
543	-0.762906399539
544	-0.756524649824
545	-0.750725232025
546	-0.74598544794
547	-0.742806597327
548	-0.735723380743
549	-0.729716983703
550	-0.722964501188
551	-0.7176800234
552	-0.710074987581
553	-0.706292073176
554	-0.698926734036
555	-0.690709481212
556	-0.68155704854
557	-0.669660661466
558	-0.665561860308
559	-0.657715971451
560	-0.646955130643
561	-0.635785559965
562	-0.627287607233
563	-0.615271584619
564	-0.606105103562
565	-0.601162497185
566	-0.594325214663
567	-0.583578346624
568	-0.573472146585
569	-0.566377131932
570	-0.558612211769
571	-0.552330968689
572	-0.541328114956
573	-0.52976412933
574	-0.519541853074
575	-0.509544758777
576	-0.499984424823
577	-0.490474287063
578	-0.48315232397
579	-0.471963136312
580	-0.460278873143
581	-0.449689978692
582	-0.440225430686
583	-0.431157793098
584	-0.422011546712
585	-0.414534261404
586	-0.404893397755
587	-0.396119364577
588	-0.386915471311
589	-0.379450763076
590	-0.371553644581
591	-0.358769551213
592	-0.353274308598
593	-0.344480940778
594	-0.337679548793
595	-0.327535043575
596	-0.319374643816
597	-0.309952516236
598	-0.300218448763
599	-0.293217711642
600	-0.282096371922
601	-0.269706545795
602	-0.257402007404
603	-0.247165422547
604	-0.235878470269
605	-0.228142478466
606	-0.218291160314
607	-0.210704457718
608	-0.201727913206
609	-0.191196493643
610	-0.182656149306
611	-0.16972118419
612	-0.16054971409
613	-0.15193887512
614	-0.140175075098
615	-0.132143240276
616	-0.121324937621
617	-0.110350701714
618	-0.0990807113607
619	-0.0887500619398
620	-0.0759534706946
621	-0.0626366667312
622	-0.0527230133431
623	-0.0445093143079
624	-0.0359348954568
625	-0.0216254823691
626	-0.0132352164515
627	-0.00315055710758
628	0.0062230938729
629	0.0168730053564
630	0.0278117106653
631	0.0376255331473
632	0.0490924164245
633	0.0558748359993
634	0.0625550443809
635	0.0769257560865
636	0.0869895350074
637	0.0986181436187
638	0.109178472643
639	0.115855169826
640	0.126154185703
641	0.135122221175
642	0.141759150328
643	0.15208143723
644	0.159454941606
645	0.169549891232
646	0.179985045203
647	0.188864119262
648	0.202324910441
649	0.211283421956
650	0.218870582535
651	0.230526197181
652	0.240342401899
653	0.247659732677
654	0.252958902195
655	0.26334407059
656	0.27456541133
657	0.283282362827
658	0.290207919169
659	0.298962210467
660	0.311950597042
661	0.31985871257
662	0.326558732072
663	0.333202905076
664	0.34322423502
665	0.353889527898
666	0.361161369612
667	0.371942746985
668	0.375622949174
669	0.38639596564
670	0.392772595791
671	0.402558631577
672	0.411446202008
673	0.421850361736
674	0.426654607168
675	0.437789335756
676	0.446531256882
677	0.458528636197
678	0.467764586707
679	0.481130721581
680	0.489059785085
681	0.49515831548
682	0.502179444618
683	0.513617761576
684	0.518495858125
685	0.530437713898
686	0.537010739343
687	0.547231838504
688	0.557181415423
689	0.565970382012
690	0.578592974549
691	0.587581136032
692	0.595577500567
693	0.600278009227
694	0.608671270875
695	0.617776629451
696	0.629869968993
697	0.63691632156
698	0.64342231736
699	0.651229837578
700	0.657336501765
701	0.664018099159
702	0.670736271884
703	0.678151506757
704	0.68276946182
705	0.6920869423
706	0.698145482622
707	0.711456458591
708	0.721507653374
709	0.730959210546
710	0.734757042297
711	0.740207409948
712	0.7432998062
713	0.750106892446
714	0.75682295435
715	0.762117918249
716	0.764914481421
717	0.77078317768
718	0.772713079975
719	0.78064253996
720	0.787026469277
721	0.790918924494
722	0.794955950927
723	0.794986705051
724	0.802157984325
725	0.810180987895
726	0.819776241723
727	0.82603868074
728	0.829901837059
729	0.832840040162
730	0.839271078714
731	0.84536555069
732	0.852225647799
733	0.859004238544
734	0.86266912918
735	0.868062908937
736	0.873113683528
737	0.881533245554
738	0.887021958217
739	0.892231569944
740	0.894426231743
741	0.897859919622
742	0.900806141861
743	0.905654570893
744	0.911840477747
745	0.918284977635
746	0.922531170913
747	0.926869783475
748	0.933318265202
749	0.938640010148
750	0.944057349681
751	0.949202543426
752	0.952418480317
753	0.956278966572
754	0.960045582704
755	0.96270285657
756	0.96899127813
757	0.971106259836
758	0.971412867303
759	0.971290420211
760	0.973889159433
761	0.978423677983
762	0.985376549282
763	0.984248605894
764	0.984916879974
765	0.987391561564
766	0.986678377446
767	0.990639714812
768	0.987815963204
769	0.989169397756
770	0.990835514013
771	0.991254021516
772	0.993318733957
773	0.994147906949
774	0.99420803234
775	0.995313535744
776	0.998857095596
777	0.996467989116
778	0.994959415695
779	0.996989360364
780	0.996100271947
781	0.995706621588
782	0.995242947297
783	0.996896663682
784	0.996707444922
785	0.997136185391
786	0.994912464273
787	0.992205446161
788	0.99438364941
789	0.996457039778
790	0.99558353826
791	0.994374804354
792	0.99133978999
793	0.990853900944
794	0.991749418771
795	0.986109756952
796	0.98547986218
797	0.984175410061
798	0.983994753112
799	0.98665114851
800	0.987230180593
801	0.988536914313
802	0.986943593689
803	0.985378663791
804	0.984644131211
805	0.981255541143
806	0.980435150217
807	0.979017020641
808	0.976615445892
809	0.967143539062
810	0.963884407428
811	0.964222876526
812	0.95938609042
813	0.957006386199
814	0.955154492432
815	0.95110455048
816	0.945248259749
817	0.946240670334
818	0.943815198927
819	0.944203384902
820	0.942992846361
821	0.939500572821
822	0.932445561346
823	0.930574540652
824	0.928802970116
825	0.925016609008
826	0.922048447285
827	0.915520627671
828	0.91320652127
829	0.910052543745
830	0.907108791808
831	0.899707823813
832	0.894594714275
833	0.887029974314
834	0.882964965944
835	0.879512061465
836	0.873896209756
837	0.870344209261
838	0.867678853613
839	0.861195035296
840	0.852719442038
841	0.847590475087
842	0.84431974975
843	0.839198261355
844	0.832562270834
845	0.828550176631
846	0.823201370637
847	0.816694995776
848	0.811211284513
849	0.807651887277
850	0.798612098929
851	0.792337500152
852	0.784566500427
853	0.77435064561
854	0.766179401861
855	0.758077346619
856	0.751907957558
857	0.74667990618
858	0.742100214115
859	0.733072521341
860	0.726702014933
861	0.718644642211
862	0.715491810163
863	0.708957918613
864	0.701544573813
865	0.693591171264
866	0.686669979795
867	0.676264440035
868	0.66716118161
869	0.657736822475
870	0.646675623801
871	0.639073924638
872	0.632500259176
873	0.628795964558
874	0.617088798086
875	0.611142180715
876	0.603208269272
877	0.592879775173
878	0.584176697553
879	0.579347962005
880	0.572783877636
881	0.566971707403
882	0.55898818642
883	0.549988850484
884	0.542592071131
885	0.532794480351
886	0.52637654455
887	0.520756629619
888	0.518100853945
889	0.509410253406
890	0.499498990687
891	0.491022995155
892	0.479345642432
893	0.469364668736
894	0.462342163702
895	0.450433331692
896	0.441277727273
897	0.431601450419
898	0.420560733597
899	0.415140559997
900	0.409276711302
901	0.400807237271
902	0.392298678614
903	0.385410882879
904	0.375593261651
905	0.367252642157
906	0.355617857609
907	0.348416878251
908	0.339945001134
909	0.331476986925
910	0.32376874935
911	0.313286266551
912	0.30040824115
913	0.292675076503
914	0.282412268185
915	0.272096870526
916	0.26428493863
917	0.253641012462
918	0.243627800794
919	0.236567672465
920	0.224273428336
921	0.211583491339
922	0.201168579555
923	0.191792536415
924	0.178926003627
925	0.173017714748
926	0.165944374965
927	0.153822739199
928	0.143557980013
929	0.132843813744
930	0.125453124724
931	0.116416888813
932	0.104437952457
933	0.0958961202594
934	0.0877803380432
935	0.0789792363636
936	0.0685597179986
937	0.0539041893084
938	0.0425109899615
939	0.0279998608015
940	0.0196261147044
941	0.00949316053701
942	-0.000672549175517
943	-0.0123704133863
944	-0.0237345152392
945	-0.0324423705313
946	-0.0457281609834
947	-0.0540924205841
948	-0.0646166602968
949	-0.0765389531313
950	-0.0893152376561
951	-0.100355586838
952	-0.108252927295
953	-0.117828962763
954	-0.127287070559
955	-0.135363988047
956	-0.148727848485
957	-0.153774767279
958	-0.163200735222
959	-0.174686124791
960	-0.185330949931
961	-0.193371122277
962	-0.201074280628
963	-0.211037599835
964	-0.219054492461
965	-0.229158400003
966	-0.240834145355
967	-0.25011924083
968	-0.260667683916
969	-0.27190229056
970	-0.278484327703
971	-0.287122156002
972	-0.292943273715
973	-0.300333309407
974	-0.308764550448
975	-0.316745994777
976	-0.323194081474
977	-0.326735757028
978	-0.335890618942
979	-0.34509823574
980	-0.357584370586
981	-0.367384191784
982	-0.376876665758
983	-0.240153714598
984	-0.248134984873
985	-0.257727091956
986	-0.265417083524
987	-0.274796770037
988	-0.279486187744
989	-0.289373982197
990	-0.295669202916
991	-0.303091383281
992	-0.311290228964
993	-0.315827791046
994	-0.321459483574
995	-0.329079586273
996	-0.339625474356
997	-0.350866140831
998	-0.359818501884
999	-0.367232189953
