0	0.168141238741
1	0.170402112111
2	0.17920596615
3	0.196774289778
4	0.207358788713
5	0.208670144876
6	0.210990484475
7	0.213698072216
8	0.225774514574
9	0.237156749107
10	0.237965414456
11	0.242752646349
12	0.248434963711
13	0.26063723619
14	0.282816851532
15	0.304067177032
16	0.16898555848
17	0.171818665742
18	0.186593266558
19	0.206955312998
20	0.207762264429
21	0.209578025323
22	0.212402943627
23	0.214993200805
24	0.236555828343
25	0.237757669871
26	0.238173159041
27	0.247332133656
28	0.249537793766
29	0.271736678615
30	0.29389702445
31	0.314237329615
32	0.319053924012
33	0.320297227103
34	0.334322597481
35	0.334440102273
36	0.343383490218
37	0.345093821006
38	0.346437978084
39	0.35566945948
40	0.386398881852
41	0.407601794787
42	0.428290819204
43	0.443186300865
44	0.444829052848
45	0.452581779999
46	0.466749683071
47	0.471494293333
48	0.475723853366
49	0.493475203567
50	0.505963547373
51	0.516780382814
52	0.51821505121
53	0.518288402219
54	0.520319558989
55	0.533278142529
56	0.534569480262
57	0.538368333088
58	0.546428701257
59	0.552734389749
60	0.566023921502
61	0.573936792635
62	0.583189311277
63	0.591919986126
64	0.59586020199
65	0.596129017576
66	0.613258508348
67	0.614062446897
68	0.616695746497
69	0.619916642762
70	0.636450257436
71	0.6538177483
72	0.653920992542
73	0.65661742572
74	0.657500338036
75	0.659945542754
76	0.662570815266
77	0.663675178943
78	0.690653450371
79	0.690653450371
80	0.695100653095
81	0.700902887746
82	0.702603139494
83	0.747907158384
84	0.75413731927
85	0.77042809241
86	0.772865542012
87	0.772865542012
88	0.778193169254
89	0.78415591765
90	0.789977439384
91	0.792404742581
92	0.804889204738
93	0.815943924065
94	0.830159964007
95	0.833204154205
96	0.836217734435
97	0.853514366513
98	0.85749986325
99	0.862144915192
100	0.863180043452
101	0.867367290554
102	0.867532907305
103	0.876037890497
104	0.877737194398
105	0.877930206636
106	0.879441950722
107	0.891768370962
108	0.89281999159
109	0.89281999159
110	0.908761907987
111	0.909492374739
112	0.911381338675
113	0.91634568222
114	0.91634568222
115	0.91711600022
116	0.91711600022
117	0.925927067011
118	0.92729634635
119	0.933236253236
120	0.933236253236
121	0.933236253236
122	0.933236253236
123	0.93972344385
124	0.946105817328
125	0.947125930495
126	0.948128958857
127	0.952960634505
128	0.954200336574
129	0.954200336574
130	0.954200336574
131	0.954200336574
132	0.963237991817
133	0.966599362089
134	0.966838652724
135	0.975183351088
136	0.975469323871
137	0.975469323871
138	0.976673281943
139	0.976673281943
140	0.977179036629
141	0.979706433317
142	0.977179036629
143	0.977179036629
144	0.979706433317
145	0.980558907953
146	0.980558907953
147	0.983721699045
148	0.983721699045
149	0.980558907953
150	0.980558907953
151	0.983721699045
152	0.987232601682
153	0.9892607344
154	0.9892607344
155	0.9892607344
156	0.997694288291
157	0.997694288291
158	0.9892607344
159	0.9892607344
160	0.997694288291
161	0.997694288291
162	0.997694288291
163	1.00270489899
164	0.997694288291
165	0.9892607344
166	0.987232601682
167	0.9892607344
168	0.997694288291
169	0.9892607344
170	0.997694288291
171	1.00270489899
172	1.00270489899
173	0.997694288291
174	0.980506913483
175	0.980506913483
176	0.980506913483
177	0.97708118119
178	0.97268430155
179	0.965973520308
180	0.962363181327
181	0.965973520308
182	0.962363181327
183	0.97268430155
184	0.962363181327
185	0.960606432322
186	0.958934382812
187	0.954914148096
188	0.953230072024
189	0.951958139239
190	0.95075946525
191	0.938141156679
192	0.934680341922
193	0.929777023867
194	0.922463339977
195	0.920911946594
196	0.917112983349
197	0.913579839996
198	0.913579839996
199	0.912511174221
200	0.909846050146
201	0.905923384944
202	0.905923384944
203	0.903561140744
204	0.902880548495
205	0.892753105341
206	0.890061068621
207	0.872927972219
208	0.870731142639
209	0.861971544607
210	0.857918091767
211	0.855632396543
212	0.853439057438
213	0.852704277348
214	0.839974016372
215	0.838911022863
216	0.825102425714
217	0.822173833113
218	0.817004909856
219	0.798516246296
220	0.793640629653
221	0.788073936012
222	0.770183497921
223	0.756809358584
224	0.754689438458
225	0.754689438458
226	0.747204114268
227	0.746756508581
228	0.744705643894
229	0.743463589692
230	0.738507553189
231	0.738133272859
232	0.730031987318
233	0.728823440644
234	0.722430522468
235	0.717063860762
236	0.715403684414
237	0.708270225273
238	0.697769630026
239	0.69547104234
240	0.694947505576
241	0.678191793508
242	0.661829150735
243	0.654893311451
244	0.654229103729
245	0.648699183909
246	0.643233765041
247	0.639920050679
248	0.63376601065
249	0.626692780848
250	0.619257407615
251	0.612855432817
252	0.596875167871
253	0.592164261854
254	0.591011395471
255	0.576993052077
256	0.566437156497
257	0.559578613249
258	0.558134190018
259	0.547647074468
260	0.546247442394
261	0.524517677348
262	0.488744358069
263	0.476471175774
264	0.470139723501
265	0.469093356825
266	0.464358786508
267	0.459645663817
268	0.450358857072
269	0.446536723184
270	0.437048405733
271	0.433548970657
272	0.432377975542
273	0.41582882694
274	0.414698098871
275	0.40271172663
276	0.390472897769
277	0.38702914828
278	0.379483377084
279	0.371727308969
280	0.370484694515
281	0.324532573568
282	0.320592317465
283	0.317470272461
284	0.310098163078
285	0.256908661442
286	0.243907412865
287	0.237697605434
288	0.221318750434
289	0.216467746428
290	0.210435221621
291	0.189843487811
292	0.180997120494
293	0.179502553348
294	0.164054538709
295	0.153297729377
296	0.150090431253
297	0.148148895026
298	0.144272471778
299	0.139726832421
300	0.133500515034
301	0.131785176964
302	0.117281044634
303	0.109930469301
304	0.096656272738
305	0.0821938930103
306	0.0758243475733
307	0.0723100336895
308	0.0698952516319
309	0.0656817035816
310	0.0509234789112
311	0.0323948037462
312	-0.0036119283302
313	-0.0145000686211
314	-0.0218848092337
315	-0.0266733472562
316	-0.0283327798343
317	-0.0388378829703
318	-0.0397238807886
319	-0.0521857906394
320	-0.0570039429846
321	-0.057971353046
322	-0.0663962469658
323	-0.0882788212009
324	-0.101993427832
325	-0.105531381171
326	-0.107123600858
327	-0.10824921631
328	-0.125861301114
329	-0.139705420607
330	-0.140510152775
331	-0.1460273075
332	-0.152412475341
333	-0.163446612755
334	-0.163922088148
335	-0.173678502555
336	-0.201605833957
337	-0.202390861719
338	-0.205995165476
339	-0.209727382103
340	-0.235737601202
341	-0.296937942687
342	-0.302720316879
343	-0.305622468438
344	-0.313483851971
345	-0.316787716005
346	-0.320764589361
347	-0.32359762824
348	-0.323980516827
349	-0.3241353852
350	-0.350370018304
351	-0.352400316531
352	-0.352896753518
353	-0.353607957673
354	-0.356389974236
355	-0.388158086222
356	-0.393198896675
357	-0.409152871552
358	-0.438343633787
359	-0.450154068241
360	-0.45158436293
361	-0.462632881563
362	-0.47054081875
363	-0.48337849767
364	-0.487567559527
365	-0.489301758269
366	-0.508400092461
367	-0.51053828647
368	-0.521769829979
369	-0.54350436703
370	-0.545869932723
371	-0.552777131754
372	-0.557977280746
373	-0.558103305807
374	-0.560389185087
375	-0.566049438122
376	-0.580173100141
377	-0.582860171768
378	-0.594980341897
379	-0.601641270629
380	-0.607592173032
381	-0.613843874999
382	-0.613976294838
383	-0.615900653817
384	-0.627665994445
385	-0.630315216945
386	-0.638870689466
387	-0.643757690555
388	-0.64502557006
389	-0.666385033971
390	-0.682603385828
391	-0.68738429481
392	-0.698613771302
393	-0.720550374016
394	-0.725287336619
395	-0.729290535878
396	-0.730964826985
397	-0.743789581497
398	-0.74470827825
399	-0.750219846418
400	-0.758398123089
401	-0.777753938698
402	-0.781083951858
403	-0.786843495199
404	-0.789007100324
405	-0.790325467659
406	-0.797900588755
407	-0.801794748354
408	-0.80761042583
409	-0.809647675069
410	-0.816547545765
411	-0.816974030422
412	-0.819500837236
413	-0.819842843053
414	-0.837367908279
415	-0.85697072662
416	-0.862258304011
417	-0.869856108954
418	-0.873214072919
419	-0.877180968331
420	-0.886461107119
421	-0.886701844758
422	-0.9005316209
423	-0.900840257243
424	-0.904660843905
425	-0.904660843905
426	-0.904660843905
427	-0.90682988433
428	-0.90682988433
429	-0.915381354028
430	-0.919490506685
431	-0.924119109339
432	-0.92434057474
433	-0.934461626104
434	-0.936304530827
435	-0.936304530827
436	-0.942722637587
437	-0.936304530827
438	-0.942722637587
439	-0.944038513976
440	-0.946690632196
441	-0.946690632196
442	-0.946690632196
443	-0.946481179489
444	-0.946690632196
445	-0.949527377083
446	-0.949527377083
447	-0.949527377083
448	-0.950891157293
449	-0.950891157293
450	-0.950891157293
451	-0.950891157293
452	-0.950891157293
453	-0.950891157293
454	-0.955301950148
455	-0.961869157924
456	-0.973184961939
457	-0.974775867625
458	-0.977999741458
459	-0.982035757454
460	-0.982035757454
461	-0.982035757454
462	-0.974775867625
463	-0.982908134983
464	-0.982908134983
465	-0.982908134983
466	-0.990314888441
467	-0.987975976626
468	-0.990050392854
469	-0.989534372763
470	-0.990050392854
471	-0.990050392854
472	-0.990314888441
473	-0.990314888441
474	-0.995538411559
475	-0.996587284573
476	-0.996587284573
477	-0.996587284573
478	-0.996587284573
479	-0.996587284573
480	-0.996587284573
481	-0.995538411559
482	-0.995538411559
483	-0.995538411559
484	-0.991258976911
485	-0.991258976911
486	-0.990314888441
487	-0.990050392854
488	-0.989534372763
489	-0.989534372763
490	-0.987975976626
491	-0.986124313429
492	-0.978708460159
493	-0.978708460159
494	-0.978097206765
495	-0.978097206765
496	-0.973135803612
497	-0.973135803612
498	-0.977800636936
499	-0.973135803612
500	-0.971888412917
501	-0.952451706282
502	-0.949146118288
503	-0.943561382909
504	-0.938395118856
505	-0.932755399757
506	-0.923643401868
507	-0.923504522603
508	-0.920189862433
509	-0.920128654153
510	-0.905917534323
511	-0.89716848843
512	-0.894263637122
513	-0.89141600871
514	-0.89141600871
515	-0.89141600871
516	-0.89141600871
517	-0.88638504887
518	-0.884170513741
519	-0.873290439743
520	-0.867397470771
521	-0.86497520258
522	-0.860613902227
523	-0.854365718213
524	-0.850279670546
525	-0.849989002893
526	-0.849967157961
527	-0.849967157961
528	-0.843727478765
529	-0.832160451835
530	-0.824573508151
531	-0.822039832093
532	-0.819640247298
533	-0.815998023114
534	-0.811455356877
535	-0.809419799335
536	-0.805312918639
537	-0.803907538109
538	-0.802070223384
539	-0.802070223384
540	-0.800007683498
541	-0.799120886343
542	-0.778303068191
543	-0.774525573453
544	-0.771582247164
545	-0.765042851721
546	-0.76275910224
547	-0.760937253763
548	-0.755913833653
549	-0.742163998917
550	-0.729553172462
551	-0.721323852797
552	-0.71537314179
553	-0.711095952883
554	-0.710954342246
555	-0.666989534517
556	-0.666647229084
557	-0.650464422538
558	-0.648900043834
559	-0.640206676365
560	-0.639369417373
561	-0.638172780904
562	-0.636915061506
563	-0.633192720788
564	-0.632167621609
565	-0.632167621609
566	-0.625676815562
567	-0.605696435806
568	-0.603915301196
569	-0.596808324288
570	-0.5663636077
571	-0.560991108656
572	-0.551104041363
573	-0.503844769942
574	-0.497977405315
575	-0.481237658264
576	-0.475481393486
577	-0.469088372264
578	-0.457408229448
579	-0.454711976861
580	-0.45360730897
581	-0.444013139695
582	-0.442859524487
583	-0.441020972152
584	-0.430891759243
585	-0.425511085856
586	-0.424834099309
587	-0.391567938713
588	-0.374906527183
589	-0.360552473263
590	-0.358229679629
591	-0.329312112628
592	-0.325534871276
593	-0.325515268293
594	-0.322501763629
595	-0.322058175945
596	-0.321424041032
597	-0.317556017637
598	-0.304353626224
599	-0.302263509811
600	-0.302089170437
601	-0.297576283894
602	-0.293366351614
603	-0.279656851132
604	-0.276820512808
605	-0.257262630895
606	-0.251642033548
607	-0.218413588983
608	-0.203801734416
609	-0.196803319129
610	-0.193809774316
611	-0.158158162119
612	-0.156217893828
613	-0.153832001632
614	-0.140712721302
615	-0.132383082351
616	-0.116904676557
617	-0.102941950144
618	-0.0789509269683
619	-0.0751878913593
620	-0.0584223340718
621	-0.0437035081849
622	-0.0413575822886
623	-0.0354589742391
624	-0.0321567099893
625	-0.0283158024995
626	-0.00790231640724
627	-0.00603754091844
628	0.0188532549455
629	0.023001662176
630	0.0261128045719
631	0.0352859101222
632	0.0594277037382
633	0.0600606144809
634	0.0675560554468
635	0.070649383089
636	0.0742487490313
637	0.0755085282607
638	0.0791540876694
639	0.114380169365
640	0.123046773652
641	0.145466998284
642	0.149708868265
643	0.168617761054
644	0.182191899896
645	0.184597373831
646	0.184872032781
647	0.188290166603
648	0.191473059555
649	0.195229185129
650	0.202819113072
651	0.215200027832
652	0.215917529564
653	0.245131466608
654	0.245548907668
655	0.260916596969
656	0.278611554522
657	0.289907629679
658	0.296931959594
659	0.303002498757
660	0.310436913559
661	0.325321750101
662	0.342788010667
663	0.355058583731
664	0.356134999822
665	0.357064493988
666	0.363658827056
667	0.366813487057
668	0.366813487057
669	0.378252227571
670	0.386938913955
671	0.411938386487
672	0.415890306413
673	0.416329828685
674	0.418219085274
675	0.422076822191
676	0.429585573504
677	0.444552993461
678	0.448447728946
679	0.452191338768
680	0.455888306141
681	0.478161857014
682	0.520492267168
683	0.522176947709
684	0.535750545062
685	0.536552038808
686	0.54299692632
687	0.544075619904
688	0.568488088612
689	0.570709571214
690	0.585415356745
691	0.586755845257
692	0.603848753659
693	0.604253867982
694	0.612577510015
695	0.613168524887
696	0.617141809462
697	0.625317922683
698	0.66092136665
699	0.674525071926
700	0.6748615565
701	0.675818416137
702	0.68790137318
703	0.69436076629
704	0.698113712105
705	0.706563207889
706	0.713536473349
707	0.716806661699
708	0.720880605672
709	0.734588890886
710	0.736869251177
711	0.740984981175
712	0.740984981175
713	0.745595538081
714	0.746555123605
715	0.751249900206
716	0.754706582399
717	0.761489653909
718	0.780187957872
719	0.780453295884
720	0.783359040781
721	0.785638712872
722	0.792409271122
723	0.792409271122
724	0.799853519703
725	0.800556026939
726	0.804185698592
727	0.806835501407
728	0.821157027092
729	0.838771852292
730	0.840783499146
731	0.844290820231
732	0.846134025896
733	0.849951768821
734	0.861926372154
735	0.86552093314
736	0.867810763198
737	0.875006145756
738	0.887709935936
739	0.897316743425
740	0.905030433758
741	0.905030433758
742	0.911513772532
743	0.913223695442
744	0.918117729502
745	0.939919677954
746	0.940577533953
747	0.947128857387
748	0.952367475411
749	0.955805541077
750	0.959851677772
751	0.96013377529
752	0.966766230741
753	0.9669308546
754	0.969289032672
755	0.969289032672
756	0.970347420545
757	0.970404003117
758	0.970404003117
759	0.970404003117
760	0.971646850542
761	0.97428955089
762	0.976102885584
763	0.976102885584
764	0.976102885584
765	0.981308168846
766	0.981308168846
767	0.981946066841
768	0.981946066841
769	0.985607705987
770	0.985607705987
771	0.985607705987
772	0.990076147
773	0.990076147
774	0.990076147
775	0.990076147
776	0.991792197593
777	0.990076147
778	0.990076147
779	0.991792197593
780	0.991792197593
781	0.991792197593
782	0.991792197593
783	0.99189183834
784	0.99189183834
785	0.99189183834
786	0.991792197593
787	0.98749648402
788	0.991792197593
789	0.991792197593
790	0.991792197593
791	0.991792197593
792	0.98749648402
793	0.985795286012
794	0.985795286012
795	0.982947751259
796	0.982947751259
797	0.982947751259
798	0.982947751259
799	0.985795286012
800	0.985795286012
801	0.985795286012
802	0.982947751259
803	0.982947751259
804	0.982947751259
805	0.966077911481
806	0.964103201486
807	0.964103201486
808	0.961453642333
809	0.961299089063
810	0.960423583478
811	0.960423583478
812	0.959043683256
813	0.959043683256
814	0.956337403203
815	0.956337403203
816	0.952482618735
817	0.952482618735
818	0.95177172291
819	0.95177172291
820	0.95177172291
821	0.939212617003
822	0.93241492391
823	0.931373600143
824	0.931373600143
825	0.931373600143
826	0.920342412797
827	0.912136481179
828	0.908922195345
829	0.905754729584
830	0.900186594767
831	0.89745037955
832	0.890738935815
833	0.885088131083
834	0.884998414412
835	0.874075909778
836	0.870025108561
837	0.864682390108
838	0.85852656757
839	0.852345533788
840	0.846922752552
841	0.844458187522
842	0.844458187522
843	0.839121386875
844	0.834229786225
845	0.827498341839
846	0.825266769197
847	0.816742195986
848	0.816742195986
849	0.808063973378
850	0.804840937036
851	0.801201392372
852	0.786197136579
853	0.785610943836
854	0.782515813504
855	0.771390547275
856	0.765051270863
857	0.762122145282
858	0.746457579006
859	0.733069922246
860	0.729462643788
861	0.715410829508
862	0.700797479449
863	0.698692969918
864	0.698539735312
865	0.69756531197
866	0.68951745052
867	0.687149096788
868	0.685476224356
869	0.679819838324
870	0.656282291398
871	0.64248543747
872	0.634481105681
873	0.625893733361
874	0.619194831254
875	0.618611365062
876	0.610828199859
877	0.60222010598
878	0.597837261915
879	0.593602115126
880	0.587084552886
881	0.560130518846
882	0.538217038865
883	0.533722826818
884	0.532901899595
885	0.529526618753
886	0.5267501689
887	0.524859241174
888	0.505738344527
889	0.477849709405
890	0.474101830644
891	0.472489921612
892	0.468861440208
893	0.466006451368
894	0.460361087117
895	0.460043918166
896	0.457028244763
897	0.454599251278
898	0.442814324487
899	0.43409211565
900	0.427698372898
901	0.401561649403
902	0.400359278989
903	0.39617931992
904	0.392090333768
905	0.387452165131
906	0.354857098022
907	0.354773253153
908	0.352748168583
909	0.321110018151
910	0.316476419247
911	0.307806023125
912	0.269620614615
913	0.268465129951
914	0.254286175454
915	0.249307317557
916	0.246804571371
917	0.245366598163
918	0.237876450841
919	0.226880309759
920	0.224955908845
921	0.213667006847
922	0.207433032716
923	0.20598924713
924	0.201731912999
925	0.180471973314
926	0.158547001103
927	0.148253904002
928	0.143767896845
929	0.131927777049
930	0.125598328606
931	0.113242200645
932	0.103349687733
933	0.0954194411666
934	0.0881257832788
935	0.0616543487286
936	0.0566671901226
937	0.0537220007206
938	0.0513181885081
939	0.0433387449348
940	0.0350449171291
941	0.00675837996501
942	-0.0125618151594
943	-0.0224542149713
944	-0.030931029998
945	-0.0325731449574
946	-0.0364597049451
947	-0.0370910676303
948	-0.0404478017305
949	-0.0603193342262
950	-0.0654804465815
951	-0.0698223288269
952	-0.0970395346738
953	-0.117786620099
954	-0.121689402994
955	-0.153915514212
956	-0.172486451799
957	-0.174117023996
958	-0.180040271824
959	-0.180601125658
960	-0.187214516512
961	-0.209871086994
962	-0.214011832163
963	-0.221701581911
964	-0.224764078071
965	-0.236370649034
966	-0.243087584098
967	-0.249667766696
968	-0.251986952522
969	-0.258395556542
970	-0.264690981913
971	-0.291295293218
972	-0.296256717423
973	-0.302677174289
974	-0.304298562171
975	-0.318267701586
976	-0.324876790896
977	-0.328862365661
978	-0.343972938647
979	-0.359962877401
980	-0.361657797938
981	-0.363841044755
982	-0.365249238776
983	-0.246377675397
984	-0.250827359609
985	-0.255191254532
986	-0.261543269227
987	-0.277993137565
988	-0.29377600532
989	-0.299466945856
990	-0.30348786823
991	-0.311283131878
992	-0.321572246241
993	-0.326869578279
994	-0.336417652154
995	-0.351967908024
996	-0.360810337669
997	-0.362749421347
998	-0.364545141766
999	-0.369562994682
